3 0.43984375 0.16328125 0.2625 0.2140625
3 0.29765625 0.334375 0.3015625 0.25625
3 0.1390625 0.56796875 0.278125 0.2984375
3 0.2921875 0.5890625 0.30625 0.2703125
3 0.4703125 0.35 0.2640625 0.240625
3 0.37734375 0.709375 0.296875 0.2578125
3 0.57578125 0.74765625 0.25 0.1796875
3 0.515625 0.7453125 0.26875 0.278125
3 0.63203125 0.76796875 0.2453125 0.259375
3 0.771875 0.5859375 0.246875 0.140625
3 0.64765625 0.53515625 0.21875 0.203125
3 0.634375 0.334375 0.240625 0.225
3 0.5890625 0.5046875 0.25 0.1859375
3 0.7703125 0.43125 0.21875 0.190625
3 0.9296875 0.2640625 0.1359375 0.1796875
3 0.8640625 0.14609375 0.203125 0.1875
3 0.79609375 0.0828125 0.2 0.1625
3 0.64765625 0.021875 0.14375 0.040625