3 0.83671875 0.43984375 0.2140625 0.2625
3 0.665625 0.29765625 0.25625 0.3015625
3 0.43203125 0.1390625 0.2984375 0.278125
3 0.4109375 0.2921875 0.2703125 0.30625
3 0.65 0.4703125 0.240625 0.2640625
3 0.290625 0.37734375 0.2578125 0.296875
3 0.25234375 0.57578125 0.1796875 0.25
3 0.2546875 0.515625 0.278125 0.2703125
3 0.23203125 0.63203125 0.2609375 0.2453125
3 0.4140625 0.771875 0.140625 0.246875
3 0.46484375 0.64765625 0.203125 0.21875
3 0.665625 0.634375 0.225 0.240625
3 0.4953125 0.5890625 0.1859375 0.25
3 0.56875 0.7703125 0.190625 0.21875
3 0.7359375 0.9296875 0.1796875 0.1359375
3 0.85390625 0.8640625 0.1875 0.203125
3 0.9171875 0.79609375 0.1625 0.2
3 0.978125 0.64765625 0.040625 0.14375