3 0.31796875 0.74921875 0.0921875 0.0546875
3 0.31953125 0.6953125 0.090625 0.053125
3 0.31953125 0.63984375 0.090625 0.0546875
3 0.32109375 0.5859375 0.0875 0.05
3 0.32109375 0.53046875 0.0921875 0.046875
3 0.3265625 0.475 0.0875 0.0453125
3 0.32109375 0.41875 0.0921875 0.05
3 0.325 0.36328125 0.0953125 0.053125
3 0.3234375 0.3046875 0.0921875 0.053125
3 0.32109375 0.25078125 0.0984375 0.059375
3 0.47421875 0.25859375 0.0921875 0.053125
3 0.47265625 0.31328125 0.0953125 0.04375
3 0.478125 0.36640625 0.090625 0.040625
3 0.47578125 0.4203125 0.084375 0.0375
3 0.47578125 0.47421875 0.090625 0.034375
3 0.47421875 0.528125 0.08125 0.0390625
3 0.47578125 0.58125 0.078125 0.040625
3 0.47578125 0.6359375 0.078125 0.040625
3 0.47578125 0.6890625 0.071875 0.0390625
3 0.47265625 0.73984375 0.071875 0.040625
3 0.559375 0.7140625 0.05 0.0453125
3 0.553125 0.61484375 0.05 0.034375
3 0.5578125 0.55546875 0.0578125 0.0328125
3 0.559375 0.33046875 0.03125 0.04375
3 0.58359375 0.3046875 0.0234375 0.046875