3 0.18515625 0.2359375 0.1140625 0.07734375
3 0.3890625 0.28828125 0.0578125 0.06953125
3 0.871875 0.23984375 0.10390625 0.1171875
3 0.74296875 0.69296875 0.0703125 0.06953125
3 0.71875 0.68828125 0.06171875 0.05859375
3 0.7 0.6828125 0.0640625 0.05859375
3 0.66796875 0.6734375 0.05625 0.05078125
3 0.753125 0.95859375 0.0421875 0.0453125
3 0.8171875 0.93203125 0.04609375 0.06171875
3 0.66875 0.76015625 0.078125 0.075
3 0.696875 0.771875 0.078125 0.0828125
3 0.721875 0.77890625 0.07578125 0.0796875
3 0.75078125 0.78828125 0.0859375 0.07734375
3 0.79609375 0.80703125 0.07578125 0.0828125
3 0.81875 0.8203125 0.05390625 0.0828125
3 0.66484375 0.84765625 0.08203125 0.075
3 0.69609375 0.865625 0.084375 0.0828125
3 0.72421875 0.88125 0.084375 0.09296875
3 0.76328125 0.89765625 0.08984375 0.0828125