3 0.27265625 0.91015625 0.234375 0.0640625
3 0.26796875 0.81796875 0.2703125 0.0765625
3 0.26953125 0.721875 0.29375 0.090625
3 0.2640625 0.62578125 0.325 0.1015625
3 0.2609375 0.51953125 0.3390625 0.1140625
3 0.2625 0.4140625 0.3625 0.125
3 0.259375 0.30546875 0.3828125 0.1359375
3 0.2578125 0.1859375 0.40625 0.153125
3 0.86796875 0.90859375 0.1359375 0.0515625
3 0.8828125 0.81640625 0.13125 0.0609375
3 0.87109375 0.72890625 0.15 0.0671875
3 0.859375 0.63125 0.171875 0.071875
3 0.85625 0.5296875 0.1875 0.078125
3 0.85234375 0.42421875 0.2 0.0859375
3 0.85234375 0.31328125 0.2 0.0953125
3 0.85390625 0.19921875 0.196875 0.0984375