3 0.68203125 0.25078125 0.0921875 0.0546875
3 0.68046875 0.3046875 0.090625 0.053125
3 0.68046875 0.36015625 0.090625 0.0546875
3 0.67890625 0.4140625 0.0875 0.05
3 0.67890625 0.46953125 0.0921875 0.046875
3 0.6734375 0.525 0.0875 0.0453125
3 0.67890625 0.58125 0.0921875 0.05
3 0.675 0.63671875 0.0953125 0.053125
3 0.6765625 0.6953125 0.0921875 0.053125
3 0.67890625 0.74921875 0.0984375 0.059375
3 0.52578125 0.74140625 0.0921875 0.053125
3 0.52734375 0.68671875 0.0953125 0.04375
3 0.521875 0.63359375 0.090625 0.040625
3 0.52421875 0.5796875 0.084375 0.0375
3 0.52421875 0.52578125 0.090625 0.034375
3 0.52578125 0.471875 0.08125 0.0390625
3 0.52421875 0.41875 0.078125 0.040625
3 0.52421875 0.3640625 0.078125 0.040625
3 0.52421875 0.3109375 0.071875 0.0390625
3 0.52734375 0.26015625 0.071875 0.040625
3 0.440625 0.2859375 0.05 0.0453125
3 0.446875 0.38515625 0.05 0.034375
3 0.4421875 0.44453125 0.0578125 0.0328125
3 0.440625 0.66953125 0.03125 0.04375
3 0.41640625 0.6953125 0.0234375 0.046875