3 0.25078125 0.31796875 0.0546875 0.0921875
3 0.3046875 0.31953125 0.05234375 0.08984375
3 0.36015625 0.31953125 0.0546875 0.08984375
3 0.4140625 0.32109375 0.05 0.08671875
3 0.46953125 0.32109375 0.04765625 0.0921875
3 0.525 0.3265625 0.0453125 0.08671875
3 0.58125 0.32109375 0.05 0.0921875
3 0.63671875 0.325 0.05234375 0.0953125
3 0.6953125 0.3234375 0.05234375 0.0921875
3 0.74921875 0.32109375 0.05859375 0.0984375
3 0.74140625 0.47421875 0.05234375 0.0921875
3 0.68671875 0.47265625 0.04375 0.0953125
3 0.63359375 0.478125 0.04140625 0.08984375
3 0.5796875 0.47578125 0.03671875 0.08359375
3 0.52578125 0.47578125 0.03515625 0.08984375
3 0.471875 0.47421875 0.0390625 0.08125
3 0.41875 0.47578125 0.04140625 0.078125
3 0.3640625 0.47578125 0.04140625 0.078125
3 0.3109375 0.47578125 0.0390625 0.071875
3 0.26015625 0.47265625 0.04140625 0.071875
3 0.2859375 0.559375 0.0453125 0.04921875
3 0.38515625 0.553125 0.03515625 0.04921875
3 0.44453125 0.5578125 0.0328125 0.0578125
3 0.66953125 0.559375 0.04375 0.03203125
3 0.6953125 0.58359375 0.04765625 0.0234375