3 0.79609375 0.34609375 0.1890625 0.0796875
3 0.8015625 0.41015625 0.184375 0.0796875
3 0.79765625 0.48203125 0.196875 0.0796875
3 0.79765625 0.5578125 0.196875 0.084375
3 0.7984375 0.634375 0.2109375 0.0921875
3 0.79609375 0.71328125 0.215625 0.103125
3 0.56015625 0.3578125 0.234375 0.1
3 0.55859375 0.44296875 0.23125 0.09375
3 0.56171875 0.61328125 0.24375 0.103125
3 0.56171875 0.70390625 0.2375 0.1125
3 0.3359375 0.3609375 0.25625 0.103125
3 0.33359375 0.46171875 0.2625 0.103125
3 0.33203125 0.59375 0.275 0.103125
3 0.33203125 0.690625 0.275 0.11875
3 0.10390625 0.34765625 0.165625 0.053125
3 0.1 0.38671875 0.16875 0.05
3 0.109375 0.43515625 0.175 0.053125
3 0.10234375 0.48125 0.178125 0.05
3 0.1109375 0.53203125 0.184375 0.0640625
3 0.11484375 0.59375 0.1921875 0.071875
3 0.11171875 0.65390625 0.196875 0.0609375
3 0.10234375 0.71015625 0.1890625 0.0796875