3 0.253125 0.23671875 0.1375 0.14921875
3 0.35078125 0.2390625 0.13203125 0.13671875
3 0.434375 0.23359375 0.13046875 0.13828125
3 0.5078125 0.23046875 0.12734375 0.13203125
3 0.57890625 0.228125 0.13359375 0.1234375
3 0.64375 0.221875 0.12890625 0.1109375
3 0.7125 0.22265625 0.13359375 0.11328125
3 0.29375 0.61796875 0.1609375 0.29453125
3 0.40234375 0.61015625 0.1640625 0.28984375
3 0.5140625 0.59921875 0.15390625 0.27265625
3 0.615625 0.58984375 0.1625 0.2625
3 0.70078125 0.584375 0.15078125 0.2390625