3 0.86953125 0.1640625 0.2609375 0.321875
3 0.8046875 0.4875 0.390625 0.609375
3 0.74296875 0.584375 0.440625 0.496875
3 0.63125 0.64921875 0.375 0.421875
3 0.5375 0.696875 0.290625 0.3578125
3 0.55 0.0875 0.3625 0.175
3 0.4078125 0.1546875 0.38125 0.30625
3 0.3546875 0.24921875 0.3296875 0.325
3 0.3140625 0.35 0.271875 0.275
3 0.275 0.421875 0.2359375 0.246875
3 0.2328125 0.5 0.2125 0.2203125
3 0.21015625 0.55078125 0.190625 0.19375
3 0.178125 0.634375 0.15625 0.1765625
3 0.15078125 0.69375 0.1265625 0.14375
3 0.1390625 0.72109375 0.115625 0.1296875
3 0.10703125 0.7796875 0.1 0.1046875
3 0.48515625 0.7328125 0.28125 0.31875
3 0.40625 0.77421875 0.2265625 0.275