3 0.72734375 0.08984375 0.23359375 0.0640625
3 0.73203125 0.18203125 0.27109375 0.0765625
3 0.73046875 0.278125 0.29453125 0.090625
3 0.7359375 0.37421875 0.32578125 0.1015625
3 0.7390625 0.48046875 0.3390625 0.1140625
3 0.7375 0.5859375 0.3625 0.125
3 0.740625 0.69453125 0.3828125 0.1359375
3 0.7421875 0.8140625 0.40703125 0.153125
3 0.13203125 0.09140625 0.1359375 0.0515625
3 0.1171875 0.18359375 0.13203125 0.0609375
3 0.12890625 0.27109375 0.14921875 0.0671875
3 0.140625 0.36875 0.17265625 0.071875
3 0.14375 0.4703125 0.18671875 0.078125
3 0.14765625 0.57578125 0.2 0.0859375
3 0.14765625 0.68671875 0.2 0.0953125
3 0.14609375 0.80078125 0.196875 0.0984375