3 0.16328125 0.56015625 0.2140625 0.26171875
3 0.334375 0.70234375 0.25625 0.3015625
3 0.56796875 0.8609375 0.2984375 0.278125
3 0.5890625 0.7078125 0.2703125 0.30703125
3 0.35 0.5296875 0.23984375 0.2640625
3 0.709375 0.62265625 0.2578125 0.29609375
3 0.74765625 0.42421875 0.1796875 0.25078125
3 0.7453125 0.484375 0.278125 0.26953125
3 0.76796875 0.36796875 0.26015625 0.2453125
3 0.5859375 0.228125 0.13984375 0.24765625
3 0.53515625 0.35234375 0.20234375 0.21875
3 0.334375 0.365625 0.22421875 0.23984375
3 0.5046875 0.4109375 0.1859375 0.25078125
3 0.43125 0.2296875 0.18984375 0.21875
3 0.2640625 0.0703125 0.1796875 0.1359375
3 0.14609375 0.1359375 0.18828125 0.20234375
3 0.0828125 0.20390625 0.16171875 0.2
3 0.021875 0.35234375 0.03984375 0.14375