3 0.81484375 0.7640625 0.1140625 0.078125
3 0.6109375 0.71171875 0.0578125 0.06875
3 0.128125 0.76015625 0.1046875 0.1171875
3 0.25703125 0.30703125 0.0703125 0.06875
3 0.28125 0.31171875 0.0625 0.059375
3 0.3 0.3171875 0.0640625 0.059375
3 0.33203125 0.3265625 0.05625 0.05
3 0.246875 0.04140625 0.0421875 0.0453125
3 0.1828125 0.06796875 0.046875 0.0625
3 0.33125 0.23984375 0.078125 0.075
3 0.303125 0.228125 0.078125 0.0828125
3 0.278125 0.22109375 0.075 0.0796875
3 0.24921875 0.21171875 0.0859375 0.078125
3 0.20390625 0.19296875 0.075 0.0828125
3 0.18125 0.1796875 0.053125 0.0828125
3 0.33515625 0.15234375 0.08125 0.075
3 0.30390625 0.134375 0.084375 0.0828125
3 0.27578125 0.11875 0.084375 0.09375
3 0.23671875 0.10234375 0.090625 0.0828125