3 0.8359375 0.86953125 0.321875 0.2609375
3 0.5125 0.8046875 0.609375 0.390625
3 0.415625 0.74296875 0.496875 0.440625
3 0.35078125 0.63125 0.421875 0.375
3 0.303125 0.5375 0.3578125 0.290625
3 0.9125 0.55 0.175 0.3625
3 0.8453125 0.4078125 0.30625 0.38125
3 0.75078125 0.3546875 0.325 0.3296875
3 0.65 0.3140625 0.275 0.271875
3 0.578125 0.275 0.246875 0.2359375
3 0.5 0.2328125 0.2203125 0.2125
3 0.44921875 0.21015625 0.19375 0.190625
3 0.365625 0.178125 0.175 0.15625
3 0.30625 0.15078125 0.14375 0.1265625
3 0.27890625 0.1390625 0.1296875 0.115625
3 0.2203125 0.10703125 0.103125 0.1
3 0.2671875 0.48515625 0.31875 0.28125
3 0.22578125 0.40625 0.275 0.2265625