3 0.34609375 0.20390625 0.0796875 0.1890625
3 0.41015625 0.1984375 0.0796875 0.184375
3 0.48203125 0.20234375 0.0796875 0.196875
3 0.5578125 0.20234375 0.084375 0.196875
3 0.634375 0.2015625 0.0921875 0.2109375
3 0.71328125 0.20390625 0.103125 0.215625
3 0.3578125 0.43984375 0.1 0.234375
3 0.44296875 0.44140625 0.09375 0.23125
3 0.61328125 0.43828125 0.103125 0.24375
3 0.70390625 0.43828125 0.1125 0.2375
3 0.3609375 0.6640625 0.103125 0.25625
3 0.46171875 0.66640625 0.103125 0.2625
3 0.59375 0.66796875 0.103125 0.275
3 0.690625 0.66796875 0.11875 0.275
3 0.34765625 0.89609375 0.053125 0.165625
3 0.38671875 0.9 0.05 0.16875
3 0.43515625 0.890625 0.053125 0.175
3 0.48125 0.89765625 0.05 0.178125
3 0.53203125 0.8890625 0.0640625 0.184375
3 0.59375 0.88515625 0.071875 0.1921875
3 0.65390625 0.88828125 0.059375 0.196875
3 0.71015625 0.89765625 0.0796875 0.1890625